function u = pde_ic(x)
u = [4.5826*x^2+50; 0.29424*x^2+200];
end